317.413
299.74
308.914
276.917
344.607
458.951
307.229
244.425
289.114
322.426
338.255
401.92
259.376
319.876
411.408
403.695
313.892
198.674
287.111
310.681
310.7
322.208
267.46
658.016
305.652
326.377
273.459
316.111
260.831
327.12
324.245
305.621
240.658
609.799
260.623
422.381
319.917
456.843
402.469
293.502
282.016
267.736
291.884
286.586
336.438
366.394
256.086
383.496
253.481
318.702
275.602
239.392
363.055
292.176
241.998
292.61
277.723
305.152
276.623
267.993
272.338
257.702
287.213
431.284
290.224
379.789
341.018
518.831
344.673
340.24
334.256
282.61
249.032
259.3
429.933
297.111
336.969
332.693
398.287
348.397
251.309
236.505
290.611
182.992
202.361
358.46
312.138
716.372
297.148
280.053
267.194
298.245
280.349
308.819
260.786
184.22
248.396
274.054
241.733
389.61
270.421
753.29
235.315
271.263
264.98
294.657
326.941
283.975
233.344
293.212
289.823
415.861
376.614
309.282
310.904
242.92
228.399
287.895
271.65
353.026
250.584
248.465
306.008
303.923
265.542
289.917
285.824
276.885
321.717
441.575
267.545
310.774
366.285
286.458
291.437
230.982
313.777
261.719
317.513
380.799
239.527
273.486
261.407
375.736
271.264
292.226
375.031
220.933
303.946
265.974
293.997
255.62
242.909
271.356
265.317
239.955
250.434
267.827
266.832
422.171
394.337
229.798
247.971
289.04
338.979
214.161
242.989
289.642
248.476
312.405
252.753
314.132
288.528
425.181
278.149
307.026
288.43
279.591
278.583
227.243
258.542
274.161
282.405
237.003
365.11
259.096
282.082
261.298
319.988
193.99
258.247
278.355
280.099
335.795
290.351
375.623
290.612
224.682
299.115
264.566
365.527
273.542
320.312
269.684
336.551
264.57
320.917
212.16
283.911
292.741
272.033
322.973
378.103
256.072
330.13
246.956
279.169
221.243
364.998
280.502
277.879
275.533
201.382
265.852
214.656
222.153
252.074
285.51
294.513
257.111
244.743
246.608
232.925
246.452
230.019
197.23
308.276
356.543
336.794
282.665
234.568
255.982
267.595
258.541
272.659
179.872
277.042
274.216
256.665
333.215
257.856
267.426
221.723
207.481
256.013
264.338
257.795
272.002
284.69
290.653
395.007
342.02
200.73
203.957
339.995
279.411
294.95
288.735
266.698
227.564
297.284
260.016
251.688
304.117
213.371
283.518
297.319
278.441
274.102
268.551
245.018
282.435
285.118
232.474
267.672
257.376
261.032
282.869
261.8
244.273
213.58
385.695
265.202
222.677
188.12
185.907
240.108
232.363
251.094
184.368
221.453
218.684
288.465
