22.5274
20.9163
21.7139
19.5035
23.967
28.3428
20.642
20.3504
23.9717
26.2159
26.426
29.8557
21.2909
24.5977
31.6667
30.0459
24.8778
16.3751
23.6221
24.7771
24.4696
25.3383
21.7263
43.4192
24.2939
26.2513
22.3355
24.1265
21.455
25.2666
24.2269
23.2144
21.7209
41.6104
21.8382
30.1509
25.7487
32.9894
29.2658
23.2522
23.0048
22.3428
23.3886
23.5977
24.918
27.4361
21.1429
28.5979
20.7647
25.2032
22.3251
20.6268
27.9668
24.0133
20.2916
23.9203
22.4479
24.3366
22.2666
21.9206
21.9903
21.1882
23.361
32.3999
24.0981
29.2472
27.2401
35.7486
26.5111
24.9848
25.2185
22.667
20.4408
22.0448
32.1414
23.8074
27.28
26.667
29.44
26.2678
20.407
19.428
22.9021
17.3166
19.2269
28.515
26.4645
52.5845
25.074
24.612
24.7244
25.2551
22.7796
26.5504
22.6482
16.0063
22.0081
23.6131
21.9473
33.285
23.4159
50.1778
21.6807
22.8021
22.7816
24.5834
26.2969
24.386
21.5998
24.021
24.4254
32.6676
29.8595
25.9908
25.108
20.7519
20.1872
23.9542
23.5502
28.2476
21.6814
22.6441
25.1196
25.6728
22.434
25.3897
24.7268
22.8297
27.0016
33.4356
22.8285
25.8611
28.5999
22.8822
24.9975
20.0947
25.1833
23.0377
25.7037
29.666
21.0675
22.9815
22.0744
29.739
23.6283
24.7319
30.6058
20.1365
24.6252
22.8646
24.8714
22.6094
21.8294
23.5701
22.6559
20.3574
20.916
21.5379
22.1711
29.9835
28.6946
18.7298
21.2711
23.0367
27.3578
17.3618
20.3939
23.1913
20.8965
25.386
21.7387
25.1892
23.2714
36.104
22.2588
25.5019
23.0638
22.4029
23.2275
21.4119
22.6669
22.4086
23.3528
19.3648
27.5903
21.1335
22.9117
24.3333
26.5891
18.8887
22.1231
22.3372
22.9801
25.67
24.0666
28.6425
24.0674
21.278
25.0733
22.4569
27.6446
22.0945
25.7596
21.7668
27.6912
21.9315
26.535
18.1753
22.9093
24.1291
20.0813
26.7233
28.1469
20.9866
27.9825
21.3941
23.1379
19.4442
28.078
22.6477
22.942
22.7233
18.357
22.2868
19.4865
19.555
21.8122
23.7556
24.4558
22.9297
22.3473
21.2886
20.0236
20.9316
21.4185
16.2484
25.5521
26.8575
27.3315
24.6126
21.5044
21.8401
22.9672
21.5452
22.4117
16.6023
22.7498
22.6798
22.8227
25.1667
22.3538
22.8568
19.1809
18.4094
21.3888
22.0564
21.5004
22.3621
23.4156
23.6405
28.6012
27.1913
19.3207
18.8119
27.1656
23.4153
24.3478
24.4746
22.0622
20.3946
23.9866
22.405
21.6171
24.5047
20.108
23.4779
24.1485
22.7866
23.2165
22.431
20.4304
22.2525
24.3436
19.9028
22.1248
20.9725
21.5988
23.1608
22.2146
20.239
19.1183
28.1242
22.6593
19.4756
17.8424
17.4752
19.6054
20.1405
21.2035
17.5158
18.6864
20.3655
23.7031
