7.564
7.07717
7.3252
6.5683
8.1976
11.1789
7.42061
6.89717
8.16761
8.98123
9.84319
11.1794
7.26202
8.85796
11.4526
11.3077
8.85913
5.57381
8.09276
8.77748
8.80872
9.27614
7.37487
18.2633
8.30674
9.00008
7.60305
8.5001
7.31767
8.89699
8.81931
8.5069
7.51221
17.6088
7.49509
12.0362
9.17874
12.6723
11.2611
8.06257
7.88508
7.58901
8.32863
8.04568
9.24897
10.25
7.21276
10.6868
7.06988
8.88476
7.58899
7.02258
10.2623
8.17487
6.91151
8.18196
7.66466
8.65954
7.8191
7.44959
7.8111
7.32272
7.94533
12.1821
8.26612
10.5851
9.34485
14.0733
9.36559
9.55476
9.31609
7.89352
6.9458
7.48874
12.2067
8.12842
9.41802
9.11065
10.9653
9.68917
7.12838
6.61677
8.24997
5.89143
6.57199
10.812
9.0808
20.4309
9.05811
8.42481
8.44112
8.67467
8.16108
9.83906
7.77653
5.46399
7.54984
8.10762
7.52206
11.5156
7.98861
21.3965
7.40112
7.96067
7.83685
8.43887
9.53277
8.3374
7.37934
8.2507
8.40804
12.231
11.4047
9.13502
9.10327
7.08747
6.90785
8.32745
8.09296
10.4129
7.79434
7.75587
9.30367
9.3159
8.11014
8.70621
8.49742
7.83542
9.90186
12.8863
7.79728
9.24998
10.6663
8.53797
8.56535
6.87958
9.0094
7.87716
9.19399
11.0913
7.18698
8.03513
7.57145
10.9323
8.0977
8.54287
11.244
6.87746
9.32494
7.84068
8.6538
7.77358
7.46291
8.05172
7.72915
6.91372
7.11135
7.3071
7.53329
11.6383
10.7802
6.34291
7.23542
7.99381
9.32606
5.89163
6.9186
7.85634
7.07257
8.60378
7.37905
8.76255
7.88733
12.3925
7.59183
8.66843
7.84555
7.60617
7.89754
7.31439
7.6966
7.61312
7.95157
6.57584
10.1803
7.16918
7.77032
8.28313
9.03845
6.45273
7.5212
7.58482
7.82058
9.30394
8.33041
10.4244
8.18023
7.23717
8.51124
7.67767
10.2494
7.47397
8.8197
7.37287
9.48403
7.47847
9.05365
6.17261
7.83997
8.2076
7.60592
9.11763
10.7015
7.14117
9.5197
7.24889
7.87482
6.78919
10.7071
7.69795
7.78344
7.72696
6.24434
7.567
6.66122
6.66987
7.45435
8.105
8.7736
7.84636
7.62044
7.24485
6.82034
7.1089
7.50118
5.5357
8.72606
10.0111
10.3708
9.00417
7.32685
7.44002
7.84177
7.36344
7.68466
5.67797
7.78094
7.81622
7.82675
9.28292
7.66733
7.81655
6.49771
6.26138
7.28105
7.52773
7.34537
7.67537
7.99803
8.06104
10.806
9.9651
6.57623
6.38073
9.27613
7.97798
8.30754
8.33972
7.52966
6.95875
8.19614
7.6343
7.34288
9.06989
6.84776
8.00371
8.24285
7.80634
7.90612
7.62214
6.94505
7.80017
8.27961
6.7695
7.53112
7.16146
7.3598
7.95602
7.56965
6.883
6.53412
10.7706
7.71898
6.61132
6.07625
5.91601
6.63821
6.8602
7.23187
5.96789
6.35127
6.94696
8.71688
