12.5865
11.5484
12.2364
10.6447
11.6031
15.6627
11.4
9.37908
11.2623
11.7811
11.3376
11.2246
9.778
9.24179
13.2552
11.5658
10.2364
7.16703
10.9108
10.2221
9.74314
11.2451
9.89823
11.6912
10.7786
11.8839
10.1353
11.0583
9.74144
10.2821
10.0834
9.52688
9.69253
12.4035
9.43224
12.124
11.4337
12.6302
11.0055
9.99422
10.2508
10.1115
9.38466
11.0266
10.7942
11.0535
9.71772
11.6606
9.29723
11.365
9.89976
9.50772
11.742
11.1538
9.1297
10.5124
9.50319
11.1469
10.1441
9.53944
9.94265
9.51842
10.7996
12.7895
10.3166
12.9055
12.2638
12.863
10.9498
9.00056
9.98743
9.40306
9.1053
9.83018
12.8855
10.2296
10.9002
12.0389
11.6386
11.2974
8.72842
8.43617
10.3363
7.67433
8.55651
10.8408
11.6689
11.8538
9.36244
11.0855
11.0826
11.2402
10.239
10.4141
9.07482
7.15845
9.76512
10.5447
9.7711
14.8449
10.0417
12.3753
9.73744
9.33654
9.35214
10.9864
10.006
10.9604
9.2862
10.7222
11.0711
12.2556
9.88946
11.1948
10.8488
9.37574
9.03618
10.6357
10.4585
10.5401
9.20449
9.93508
8.34059
10.5861
8.8756
11.2769
9.83424
9.95633
10.9465
11.7643
10.4958
11.2085
11.3936
9.14385
11.2526
8.8993
11.0343
10.0682
11.5082
11.0671
9.37671
9.59516
9.63468
10.9675
10.3593
10.4475
12.248
8.87249
8.75095
10.001
10.8401
9.83903
9.91811
10.6537
9.67996
9.13573
9.45463
9.68015
9.83292
10.845
10.7472
8.4164
9.52651
8.85053
10.6363
7.85331
9.50655
10.5019
9.80606
11.7437
9.88268
10.442
9.67927
15.76
8.74339
11.849
9.85314
10.5005
10.5747
9.63165
10.0868
10.1062
10.1669
8.93059
11.1215
9.62089
10.2506
10.7852
11.9657
8.0901
9.73357
10.4025
9.61797
10.5053
10.3487
11.7527
10.4099
9.35636
11.2668
8.83098
11.2434
9.83512
11.4429
10.1262
11.6515
9.58939
12.0137
8.0852
8.97907
10.852
6.32722
12.1435
11.0814
9.43808
12.722
9.61635
10.427
8.57602
9.64859
10.3439
10.5096
10.4977
8.41357
10.2559
8.1987
8.35576
9.84039
10.8271
10.1756
10.408
10.2263
9.68021
8.73774
9.64183
8.98388
7.20857
11.769
11.2316
9.90523
10.7806
9.9822
9.77758
10.1073
9.42953
8.81611
6.86385
10.1649
8.78299
10.229
10.3411
9.68861
9.85893
8.97488
8.1487
9.37557
9.84121
9.38516
9.93586
10.3659
10.5169
11.3788
10.8095
8.80589
8.52698
12.5325
10.5749
10.8253
11.1314
9.43336
8.97378
10.7899
9.95336
10.1093
9.35004
9.2903
10.5983
10.7084
10.1491
10.6403
10.2226
9.26791
10.0828
11.3268
8.92332
9.43781
8.78068
9.78877
10.2283
10.2101
8.77242
8.05871
10.5124
10.197
8.79228
8.23698
7.64942
8.82652
8.9919
9.09973
7.94958
8.06964
9.35899
8.776
