166.595
160.49
165.866
147.838
167.581
229.403
161.685
126.583
149.048
157.796
138.252
141.015
138.397
128.76
161.68
138.967
135.488
111.892
154.798
138.094
128.77
142.809
135.659
134.837
153.18
164.931
141.026
152.585
140.385
140.652
135.843
122.122
120.294
142.286
136.505
145.552
143.751
153.342
135.16
142.969
145.903
133.504
131.73
148.838
136.924
135.442
139.863
144.042
133.416
147.406
134.68
126.972
140.333
149.688
129.837
145.181
134.384
143.212
130.595
134.806
129.947
127.282
147.89
154.111
139.649
164.374
167.443
156.628
154.328
118.771
129.391
133.396
130.223
130.135
147.13
145.846
147.42
161.821
143.072
144.653
122.549
125.865
134.661
103.383
111.582
114.712
152.179
121.009
106.391
139.874
130.166
149.967
124.282
111.201
116.149
108.178
130.092
143.821
123.852
177.06
126.176
119.696
124.368
118.47
123.553
150.357
123.684
141.41
114.332
152.024
151.392
135.812
107.712
141.457
131.798
133.718
125.777
134.554
139.241
121.377
111.744
128.275
104.175
118.242
105.078
142.91
123.674
140.253
125.805
129.823
139.933
134.726
130.034
109.457
148.353
123.473
133.273
130.215
139.755
124.347
125.65
125.042
136.317
124.733
137.885
136.499
135.378
115.839
99.7448
135.538
135.256
132.893
127.528
138.642
126.705
122.625
131.346
136.197
135.489
134.108
128.797
120.16
125.766
123.58
143.121
116.472
129.82
143.559
129.8
151.386
125.691
137.826
133.307
184.328
124.741
152.577
136.445
141.793
138.646
116.261
126.578
136.482
135.848
127.071
133.654
135.629
139.676
125.538
148.203
101.132
125.49
144.645
131.979
133.627
132.658
143.72
139.999
113.174
143.28
117.386
139.802
134.355
159.631
138.551
150.986
133.376
155.421
110.613
126.306
144.335
99.375
158.135
133.19
128.479
156.349
124.264
141.891
108.286
113.826
140.646
139.501
139.533
110.395
135.309
104.576
113.326
129.871
142.169
115.099
134.216
125.53
128.464
117.659
133.626
105.148
114.348
151.967
131.174
104.707
122.517
127.279
130.276
132.825
128.554
120.549
95.1388
137.059
120.046
126.567
124.258
127.993
125.164
119.461
111.302
128.778
135.347
134.588
148.914
139.588
140.324
134.605
119.765
107.863
109.437
158.239
139.468
143.084
140.031
127.463
114.038
148.754
128.228
129.588
113.144
115.854
140.725
144.13
142.378
138.53
138.128
127.785
131.29
143.687
119.932
127.46
123.584
136.01
144.255
135.775
124.103
104.745
119.257
134.768
113.2
102.848
99.135
121.308
116.271
116.98
98.2827
110.403
116.089
97.5001
