376.19
340.984
366.431
309.352
327.761
462.737
341.434
249.4
301.175
319.475
316.535
335.247
254.869
219.681
397.444
343.756
265.967
170.182
283.275
260.314
246.73
321.393
271.027
342.383
278.859
318.309
269.842
328.739
248.661
268.698
297.761
286.39
245.933
340.563
214.894
318.457
339.411
385.415
310.517
221.552
266.197
273.812
213.835
298.356
298.377
315.305
245.798
353.645
240.788
339.659
274.284
250.674
343.128
296.508
230.821
258.434
222.634
315.769
288.196
235.52
282.306
254.722
291.718
369.649
237.005
385.459
336.183
380.018
290.565
247.973
292.814
234.324
235.265
255.029
382.093
249.476
247.122
335.407
338.712
326.545
228.837
206.371
289.263
164.793
190.264
295.915
296.999
315.04
227.828
285.569
281.53
280.428
291.075
277.728
184.748
155.293
222.11
253.55
236.666
408.922
232.937
371.907
236.017
230.223
201.018
278.324
234.302
286.275
211.38
266.909
281.23
348.899
256.252
282.08
299.357
221.663
206.788
283.697
262.918
292.479
235.977
238.233
158.525
277.846
209.582
282.832
203.728
234.572
303.344
342.106
270.344
317.098
323.832
242.588
288.568
208.625
322.379
230.476
332.557
332.972
230.304
243.133
224.969
308.182
254.6
229.026
355.91
208.748
217.954
242.343
274.412
229.938
241.134
269.647
225.403
239.331
245.182
259.96
249.86
322.685
311.679
222.925
251.931
205.023
235.644
206.436
248.938
286.26
264.115
338.877
263.354
276.693
230.646
437.889
189.43
325.087
253.231
298.378
286.706
240.386
264.841
277.759
256.742
239.165
327.669
257.706
272.861
272.743
337.514
184.658
251.32
287.732
232.023
328.635
288.273
375.975
257.187
230.49
305.608
181.381
325.692
259.274
290.812
281.243
299.05
250.827
332.794
203.569
189.672
292.072
123.735
326.399
318.419
252.417
354.884
245.345
274.921
225.22
262.533
286.243
290.193
289.453
202.586
271.706
175.566
194.65
240.057
286.474
290.842
260.942
250.773
244.131
213.766
239.303
203.494
162.54
321.384
334.95
272.04
275.294
241.302
244.471
250.939
234.894
185.055
143.356
265.384
181.717
258.129
300.277
232.336
235.04
233.47
198.481
229.699
248.549
206.301
235.711
277.525
286.096
340.539
309.416
207.482
202.461
357.927
274.755
279.041
301.936
225.14
223.85
280.263
259.802
267.416
245.159
223.986
281.307
286.852
256.525
284.284
269.462
240.927
285.517
305.401
223.914
220.578
208.246
245.304
251.589
264.824
215.39
176.01
297.746
260.155
224.832
198.275
177.085
227.951
233.009
223.415
183.479
194.361
227.401
239.675
