20.3537
18.5724
19.4282
17.5838
21.0448
22.8928
16.7528
19.1434
22.4085
24.4328
19.2248
20.933
19.8962
20.7124
26.2803
20.941
21.9622
14.7184
22.2063
21.9606
20.3306
20.4668
20.1171
20.6324
22.7582
24.7702
20.5705
21.762
19.9153
22.413
19.3915
18.474
19.7857
21.1716
20.4683
22.3055
22.253
23.7215
19.5078
22.1397
21.3556
20.5989
20.5572
22.251
20.548
20.2145
19.7841
21.2559
19.1745
22.1628
20.299
19.0054
22.3661
22.426
18.8942
22.5432
21.1126
20.6591
19.7518
20.5321
18.8163
19.4328
22.0803
23.3559
23.0387
25.3228
25.7647
22.8883
23.6566
16.7226
18.9974
20.4779
18.8377
20.5435
23.0843
22.3606
25.5249
24.9552
21.4656
20.9075
17.7494
17.8097
19.5058
16.326
17.9996
20.1394
24.7547
23.1022
19.521
23.1269
23.1593
24.1169
19.4397
20.2351
21.0821
14.6707
20.7094
22.2047
20.0521
31.4968
21.9522
24.7782
19.9992
20.1885
21.2735
23.2043
22.1708
22.718
19.9776
22.6125
22.8086
23.7863
18.2382
23.731
22.0745
19.441
19.1266
22.056
21.9364
20.9635
18.8161
20.8333
19.9804
22.0405
19.2485
23.5735
23.0007
21.5612
21.8629
22.5897
21.2981
22.0651
22.0217
18.043
23.3423
18.6841
22.4201
21.9369
22.1377
21.2816
19.3308
20.3089
20.5773
22.9049
21.7845
23.3609
24.5812
18.4947
18.0296
20.9982
22.9978
21.052
20.1809
22.0568
21.4488
18.8457
19.5683
20.0184
20.8227
20.5128
22.4695
17.1645
19.3279
20.335
25.7078
16.0101
18.9741
21.6774
19.4666
23.834
20.0093
22.4803
21.7703
34.1731
20.5768
24.1022
21.1917
20.8594
21.6293
19.4455
20.7418
20.7407
21.9221
18.0568
21.956
19.5908
21.396
22.4688
24.5443
16.9511
20.3589
20.8833
21.3096
20.5102
20.9865
22.7388
22.8507
19.1796
23.1848
20.7244
20.8118
20.6706
24.5067
20.2768
25.5875
19.6445
24.8523
16.4797
21.4232
22.4213
14.3517
25.373
20.4903
19.0586
26.233
19.9377
21.6162
17.1178
17.7836
20.8581
21.291
20.9491
17.16
20.7526
17.957
17.6829
20.2987
22.0485
20.6786
21.5927
20.9805
19.8714
18.3857
19.8845
18.7414
14.8734
23.8783
21.2384
18.9578
20.1714
20.1754
20.4211
21.0776
20.0442
20.6301
15.0224
21.0021
20.7103
20.9706
20.6734
20.6482
20.7873
18.1484
16.9638
19.8384
20.347
20.2549
21.033
21.3945
21.7244
22.8151
21.1918
17.8575
17.6694
25.3391
21.9997
22.8969
22.7247
20.4086
18.433
22.4811
20.3885
20.2979
18.5204
18.8654
21.886
22.2262
21.1615
21.7415
20.897
19.0449
20.0697
22.9518
18.0972
20.7761
19.3736
20.4132
21.7274
21.0887
18.5719
17.5977
20.3644
21.1629
18.1775
16.547
16.4128
18.4901
18.4714
19.9823
16.4367
17.4353
19.2521
17.7651
