7.45217
6.74993
7.08318
6.39477
7.66325
8.3039
5.99564
6.80957
8.05149
8.73626
6.79628
7.37298
7.07125
7.31319
9.33227
7.3966
7.78318
5.30484
7.9137
7.77257
7.16485
7.17774
7.14222
7.26754
8.12609
8.87228
7.31876
7.70108
7.09185
7.94542
6.82536
6.4808
6.98439
7.44633
7.29647
7.93991
7.88993
8.38778
6.84196
7.93139
7.59215
7.3241
7.28728
7.91534
7.25219
7.10788
7.04032
7.48523
6.79389
7.83163
7.19531
6.73818
7.93864
7.9963
6.68986
8.09096
7.54376
7.31441
6.95939
7.29892
6.65578
6.88418
7.87023
8.26238
8.24942
9.00518
9.22138
8.07215
8.38823
5.85464
6.68447
7.24015
6.68962
7.29732
8.20786
7.99094
9.18455
8.91833
7.58802
7.36535
6.2435
6.30533
6.85654
5.7327
6.35603
7.11739
8.82731
8.16109
6.89042
8.22066
8.22881
8.60148
6.87793
7.12864
7.54921
5.27858
7.36921
7.92282
7.08035
11.3123
7.8404
8.74513
7.07666
7.14688
7.5788
8.27187
7.8622
8.09159
7.09025
8.06406
8.12019
8.41713
6.43948
8.42077
7.83264
6.90368
6.77329
7.81016
7.77743
7.36754
6.60409
7.39445
7.09055
7.79477
6.76531
8.41715
8.23798
7.68375
7.68592
7.95942
7.56944
7.80266
7.76527
6.3425
8.33241
6.6068
7.90729
7.82277
7.85502
7.482
6.8581
7.17821
7.31408
8.10193
7.74845
8.38093
8.68462
6.53137
6.31654
7.4682
8.17159
7.48906
7.18326
7.84291
7.62847
6.65432
6.92636
7.09762
7.40662
7.20258
7.96111
6.06905
6.83096
7.2024
9.22455
5.64744
6.72239
7.71653
6.9034
8.49281
7.09953
7.9528
7.74267
12.2817
7.3532
8.61627
7.55418
7.43234
7.69657
6.8656
7.34669
7.35015
7.80327
6.38065
7.7393
6.94233
7.59872
7.96622
8.76345
5.92976
7.21333
7.3957
7.57697
7.21787
7.38647
8.01013
8.13325
6.76456
8.26414
7.37762
7.30637
7.353
8.78015
7.20026
9.14088
7.01314
8.85735
5.81914
7.64499
7.97642
5.13607
9.06673
7.21952
6.76628
9.36158
7.07631
7.68993
5.99248
6.2225
7.41253
7.54995
7.43692
6.05966
7.38703
6.36317
6.26866
7.22356
7.86654
7.29899
7.66639
7.46786
7.054
6.51195
7.06358
6.62332
5.36607
8.51048
7.47524
6.68157
7.09846
7.16178
7.24784
7.52043
7.11323
7.38726
5.2927
7.49134
7.39715
7.44825
7.29527
7.35152
7.44221
6.42981
5.99605
7.08073
7.24561
7.2662
7.47863
7.61781
7.76378
8.06105
7.47548
6.31502
6.23721
9.0811
7.82411
8.17786
8.1001
7.26021
6.57048
8.01647
7.26759
7.20133
6.49
6.66823
7.78641
7.93271
7.54605
7.72387
7.43692
6.76273
7.07615
8.17615
6.42861
7.4244
6.89961
7.27257
7.75711
7.50138
6.58684
6.25339
7.18668
7.52826
6.47265
5.8482
5.7918
6.59476
6.56282
7.17522
5.855
6.198
6.85251
6.24654
