290.965
266.314
277.514
249.618
301.28
326.129
232.312
215.557
259.736
289.888
209.193
236.579
227.806
239.546
310.862
237.298
252.917
157.036
256.776
251.937
228.25
225.863
234.196
236.819
273.759
297.77
238.219
261.364
227.969
267.425
224.038
209.447
201.283
234.521
229.13
257.011
249.128
280.155
219.271
262.615
247.242
233.93
231.744
258.214
240.657
229.549
225.396
243.759
218.805
256.831
235.824
205.467
257.728
261.275
209.728
264.993
248.059
233.16
223.387
237.72
206.521
216.456
258.961
269.286
266.654
299.703
313.354
273.766
285.157
184.458
212.578
234.348
214.782
229.057
265.477
266.957
305.567
302.096
250.907
241.185
195.642
200.316
218.041
153.733
171.118
211.517
281.909
250.112
200.174
251.517
239.365
274.747
211.721
197.764
229.405
147.645
220
245.156
205.512
367.242
242.082
286.515
201.83
218.773
233.585
266.496
246.951
253.172
200.932
263.333
257.527
263.269
184.183
261.792
245.446
212.834
201.508
246.774
239.388
225.678
188.591
213.378
207.939
231.654
198.451
257.885
253.848
247.592
227.188
250.493
235.794
239.391
243.886
188.402
261.832
198.237
250.661
237.047
246.833
232.835
204.596
220.595
228.84
254.604
235.237
263.453
267.991
186.199
180.323
230.041
255.946
223.919
210.558
242.008
238.613
207.08
219.314
234.891
238.375
237.12
266.982
194.017
209.582
234.616
311.718
179.525
211.589
258.568
215.539
283.331
218.902
261.524
257.714
406.263
243.052
281.725
251.499
247.196
247.386
189.919
223.549
239.855
252.824
204.422
254.809
225.268
250.916
229.861
285.821
154.753
224.385
246.199
246.617
233.609
233.28
265.371
265.77
186.707
266.252
230.477
236.725
242.943
295.041
237.836
302.096
221.93
291.961
174.668
251.963
260.239
151.593
298.933
231.334
216.427
303.362
216.382
247.612
171.342
186.596
243.898
244.94
239.366
171.214
232.727
180.704
183.582
220.59
253.285
222.033
229.29
217.194
216.432
198.158
220.712
179.886
159.1
277.804
242.99
193.026
201.56
205.974
226.229
233.126
225.667
236.821
143.925
242.266
235.481
223.617
238.113
223.728
230.588
195.649
174.921
223.19
229.467
227.738
241.427
246.518
255.262
272.505
232.33
169.651
176.33
307.466
250.851
267.022
258.004
233.118
191.044
266.411
222.737
223.386
193.379
185.273
251.691
261.015
244.614
244.701
237.746
214.435
232.335
258.889
194.579
238.654
222.677
233.171
251.987
236.597
208.382
180.55
231.861
234.808
194.04
157.673
159.164
212.332
197.822
225.541
157.733
191.816
193.902
181.969
